0,4.399226e-09,0.15251586,25.047134
100,5.7893885e-09,0.15358135,24.661016
200,1.051194e-08,0.15388502,23.80332
300,2.4893438e-08,0.15289927,22.550312
400,9.233645e-08,0.1526095,20.65644
500,1.1729753e-08,0.152261,23.629871
600,4.229355e-08,0.15208226,21.77791
700,8.0416726e-08,0.1521164,20.851177
800,1.7894308e-10,0.15192963,29.661255
900,3.4642653e-09,0.1518351,25.38538
1000,1.8608148e-08,0.15164925,22.9583
1100,3.470518e-09,0.15153277,25.379904
1200,4.608563e-08,0.1514298,21.64783
1300,1.105127e-08,0.1514427,23.708057
1400,4.547246e-09,0.1513447,24.98827
1500,3.5306584e-08,0.15136795,22.03162
1600,8.6381306e-08,0.15126704,20.739876
1700,4.149797e-09,0.15123768,25.119202
1800,2.0713742e-08,0.15109555,22.79837
1900,1.6028025e-08,0.15113316,23.16872
2000,6.280942e-09,0.15107279,24.519688
2100,7.7605364e-08,0.15111682,20.893005
2200,8.6751015e-09,0.15107594,24.053818
2300,1.704575e-08,0.15097195,23.078365
2400,7.8853645e-08,0.15102877,20.869143
2500,1.01992555e-07,0.1510349,20.497986
2600,2.7265742e-08,0.1509731,22.4007
2700,2.7931037e-08,0.15090005,22.365221
2800,2.0395419e-09,0.1511569,26.143227
2900,4.642061e-09,0.15106903,24.955868
3000,6.7228484e-08,0.15088595,21.097883
3100,6.015398e-08,0.15098009,21.259195
3200,4.4917215e-08,0.15085538,21.679394
3300,1.264143e-07,0.15090166,20.187017
3400,3.2569915e-08,0.15088612,22.143417
3500,6.566552e-10,0.15090014,27.77581
3600,1.3083263e-07,0.15090472,20.137484
3700,1.75296e-08,0.1508452,23.036772
3800,4.816502e-08,0.15100412,21.5801
3900,3.0743195e-08,0.15099822,22.22776
4000,1.3354293e-07,0.1508879,20.107742
4100,2.9493094e-08,0.15087982,22.28652
4200,1.0913936e-11,0.15083405,33.686073
4300,4.346248e-09,0.15086396,25.048903
4400,1.524586e-08,0.15082996,23.238003
4500,3.558216e-08,0.15083617,22.015326
4600,5.189122e-08,0.15085591,21.471178
4700,3.5301582e-08,0.15084875,22.026867
4800,2.4775318e-08,0.1507072,22.53634
4900,1.5004844e-08,0.15079542,23.26066
5000,4.4468834e-08,0.1506188,21.691605
5100,2.1984306e-08,0.15063278,22.70806
5200,1.2805685e-09,0.15069747,26.810295
5300,1.8171704e-09,0.1507373,26.305767
5400,6.243954e-08,0.15071106,21.202822
5500,4.8662514e-08,0.15063621,21.561754
5600,3.6588972e-08,0.15067464,21.973524
5700,6.5540576e-08,0.15071866,21.132967
5800,1.7567743e-08,0.15073404,23.032574
5900,3.0584488e-08,0.1505502,22.230942
6000,9.387804e-09,0.15040788,23.933517
6100,1.1358679e-08,0.1505352,23.659801
6200,2.2285349e-08,0.15036519,22.685871
6300,4.1639396e-08,0.15050492,21.785358
6400,7.2332114e-09,0.15049158,24.31047
6500,4.656613e-10,0.15048786,28.26772
6600,2.0346533e-08,0.15050493,22.818525
6700,2.1008418e-08,0.15048775,22.772175
6800,3.0809133e-08,0.15036662,22.218622
6900,1.1137009e-07,0.15045445,20.365534
7000,7.679205e-08,0.15029266,20.900314
7100,3.8831786e-08,0.15033491,21.88444
7200,6.3441405e-08,0.15028381,21.175762
7300,6.2755134e-11,0.150291,31.157307
7400,3.1518084e-08,0.15018283,22.184036
7500,6.204573e-09,0.15032423,24.53017
7600,5.7827492e-08,0.15036078,21.31017
7700,1.9062725e-08,0.15036456,22.911207
7800,1.8653736e-09,0.15049163,26.265644
7900,1.6457307e-08,0.15028045,23.122425
8000,6.258415e-08,0.15092127,21.201496
8100,4.8448783e-09,0.15020658,24.885912
8200,7.107474e-08,0.15012863,21.010359
8300,1.3722456e-08,0.15024112,23.384237
8400,1.3098634e-07,0.1504344,20.131287
8500,1.2309101e-08,0.15136835,23.551834
8600,8.544612e-08,0.15112387,20.754213
8700,1.47845185e-08,0.15103917,23.284332
8800,2.7603164e-09,0.15149437,25.709856
8900,3.151581e-08,0.15161261,22.197811
9000,6.5095264e-08,0.15133572,21.148697
9100,2.556244e-07,0.15151794,19.177032
9200,3.7411155e-08,0.15169328,21.951185
9300,1.04056426e-07,0.15140799,20.472645
9400,2.7363285e-09,0.15157486,25.723213
9500,2.2042613e-08,0.15242343,22.721287
9600,3.083528e-08,0.15198301,22.232824
9700,7.885319e-09,0.15202835,24.200596
9800,5.5570126e-08,0.1524038,21.387087
9900,9.482528e-08,0.1521709,20.613918
10000,3.7935024e-09,0.15158612,25.252031
10100,1.2380951e-08,0.15211095,23.550499
10200,7.657661e-08,0.15267566,20.927063
10300,2.1193955e-08,0.1535666,22.788708
10400,5.7764282e-09,0.15362526,24.664663
10500,4.5856495e-08,0.15338852,21.673561
10600,1.0662552e-07,0.15346096,20.456888
10700,4.315052e-08,0.15319327,21.759472
10800,4.1447493e-08,0.15346971,21.820166
10900,9.973974e-09,0.15379404,23.878256
11000,4.0205123e-08,0.1534725,21.864098
11100,4.6791683e-08,0.15398182,21.650005
11200,1.6098511e-08,0.1538814,23.188389
11300,9.746145e-09,0.1540171,23.913683
11400,1.02297236e-07,0.15377983,20.519669
11500,4.960475e-08,0.15436475,21.569363
11600,2.5691861e-08,0.1548893,22.523422
11700,1.0859594e-08,0.15504871,23.767248
11800,5.2768883e-09,0.15559976,24.813578
11900,6.091955e-08,0.15543632,21.282915
12000,3.6094207e-08,0.15529175,22.03671
12100,6.5701897e-09,0.155083,24.49253
12200,4.816684e-08,0.15544882,21.621897
12300,4.5674824e-08,0.15541245,21.6982
12400,7.834342e-08,0.15593396,20.92462
12500,4.105948e-08,0.15638572,21.86089
12600,1.369026e-07,0.15628119,20.122562
12700,1.2277269e-08,0.15640947,23.602835
12800,1.0268195e-09,0.15637796,27.18228
12900,1.1234079e-08,0.15606791,23.727789
13000,1.5527803e-08,0.15631182,23.26307
13100,4.778758e-08,0.15732376,21.650597
13200,2.5773147e-08,0.15831308,22.550407
13300,3.5290213e-08,0.15840517,22.097847
13400,1.5183855e-07,0.15869103,19.99525
13500,8.5506144e-08,0.15796332,20.817059
13600,1.0936674e-08,0.15766552,23.781189
13700,2.1943833e-08,0.15844087,22.783627
13800,3.8018698e-08,0.15812445,21.987848
13900,8.62201e-09,0.1582953,24.130018
14000,8.6050875e-08,0.15892741,20.816675
14100,5.683887e-09,0.15948586,24.741976
14200,1.6088961e-09,0.15897864,26.558187
14300,1.00100806e-07,0.15875803,20.596945
14400,7.1897375e-08,0.15878932,21.07467
14500,9.783889e-08,0.15962751,20.637798
14600,2.3152715e-08,0.15970962,22.717766
14700,1.1735892e-08,0.15962261,23.697233
14800,5.3300028e-08,0.15900637,21.508446
14900,9.989799e-08,0.15911973,20.603153
15000,9.677024e-10,0.16020092,27.302671
15100,3.8648068e-08,0.16001278,21.981287
15200,3.8804956e-08,0.15990111,21.974436
15300,9.510677e-08,0.16027206,20.684471
15400,4.892354e-08,0.1606703,21.647072
15500,4.5213028e-08,0.16042879,21.758692
15600,7.592462e-09,0.16055214,24.333899
15700,1.6930244e-09,0.16084036,26.501451
15800,3.396417e-08,0.16115578,22.177938
15900,1.6410873e-10,0.16132203,29.872644
16000,4.57203e-08,0.1612007,21.74952
16100,7.2423063e-09,0.16128068,24.408548
16200,4.452295e-08,0.16141114,21.789688
16300,1.2759585e-07,0.16156948,20.272142
16400,2.50825e-08,0.16205987,22.623343
16500,1.7981165e-08,0.16178004,23.101044
16600,2.004117e-07,0.16195841,19.624226
16700,1.3027511e-07,0.16221353,20.247902
16800,1.2919025e-07,0.16213891,20.259302
16900,1.9967956e-08,0.16290116,22.959806
17000,3.530363e-08,0.16319466,22.140274
17100,5.811671e-08,0.16299021,21.419329
17200,8.5693955e-08,0.16319834,20.86093
17300,4.071262e-08,0.16333964,21.935896
17400,9.569976e-08,0.16377461,20.706694
17500,5.1004463e-09,0.16341889,24.933376
17600,7.506469e-08,0.16395986,21.058704
17700,6.3905645e-08,0.16411768,21.292284
17800,1.7314119e-07,0.16409154,19.85412
17900,8.331517e-08,0.16416436,20.910059
18000,3.0727506e-08,0.16485512,22.355165
18100,1.2186547e-08,0.1645973,23.687147
18200,6.924847e-08,0.16437195,21.178679
18300,1.3800786e-08,0.16495462,23.510815
18400,5.5011697e-08,0.16466054,21.513252
18500,1.4177203e-08,0.16491663,23.47166
18600,6.344135e-08,0.16522497,21.312506
18700,1.8182618e-08,0.16529626,23.115992
18800,1.5334081e-09,0.16560984,26.686472
18900,4.8173376e-08,0.16566749,21.71355
19000,5.584019e-08,0.16565396,21.500366
19100,3.3904143e-08,0.16587889,22.222166
19200,3.1195668e-09,0.16616213,25.66667
19300,8.210054e-08,0.16633454,20.950193
19400,3.9010047e-08,0.16625613,22.023058
19500,1.1640827e-07,0.16637562,20.44682
19600,1.0189251e-07,0.16659413,20.640858
19700,9.05743e-09,0.16732305,24.13896
19800,3.6348524e-09,0.16715614,25.454725
19900,2.979732e-08,0.16750991,22.42256
20000,1.9256731e-08,0.16761678,23.0533
20100,5.1080065e-09,0.16838898,24.974463
20200,9.368614e-08,0.16830176,20.77671
20300,3.2203275e-08,0.16831206,22.317429
20400,4.2415195e-08,0.16816883,21.918825
20500,3.6152414e-08,0.16829121,22.150364
20600,4.149524e-08,0.1681891,21.950634
20700,9.807991e-09,0.16825186,24.03209
20800,4.46546e-08,0.16871734,21.849297
20900,4.8323272e-08,0.16884361,21.736465
21000,1.3689714e-08,0.16937266,23.560606
21100,6.5847416e-08,0.16941525,21.294933
21200,1.0099939e-09,0.16877708,27.316196
21300,8.3757755e-08,0.16868345,20.941593
21400,3.3579e-08,0.16905071,22.263393
21500,6.8567715e-08,0.16976734,21.239527
21600,8.465577e-09,0.17004867,24.259764
21700,2.2263748e-08,0.16999154,22.864264
21800,4.169226e-08,0.17038669,21.96253
21900,2.7128863e-08,0.17086574,22.58653
22000,7.0263795e-08,0.1716166,21.219904
22100,1.4520083e-08,0.17178212,23.496027
22200,1.6277227e-08,0.17110701,23.32554
22300,1.376975e-07,0.17083508,20.24267
22400,2.057277e-08,0.17077449,22.984854
22500,5.7727448e-08,0.17094618,21.497782
22600,1.07445885e-07,0.17183366,20.60897
22700,9.624159e-08,0.1724157,20.772728
22800,4.986532e-08,0.17294578,21.72578
22900,1.5251317e-08,0.1721212,23.427988
23000,5.149559e-09,0.17212965,24.99447
23100,7.506878e-08,0.17281906,21.134546
23200,5.8203113e-09,0.17317992,24.826601
23300,9.904397e-09,0.17296298,24.05782
23400,4.150934e-09,0.17276557,25.310804
23500,4.814865e-09,0.17335351,25.101646
23600,1.5734258e-10,0.17398778,30.042429
23700,1.8944775e-08,0.17314585,23.123684
23800,8.492998e-08,0.1735325,20.96243
23900,1.4574653e-09,0.17368108,26.828403
24000,7.6829565e-09,0.17380574,24.431238
24100,5.5862074e-08,0.17346852,21.566301
24200,1.5909336e-08,0.173343,23.377253
24300,1.7257662e-08,0.17382558,23.2639
24400,4.398771e-08,0.1752229,21.925587
24500,3.8940925e-08,0.17510052,22.100393
24600,7.3864726e-08,0.1752796,21.178268
24700,2.9604053e-08,0.17548525,22.499052
24800,2.1605388e-08,0.17650795,22.961838
24900,9.275254e-09,0.17667402,24.183128
25000,1.8530955e-08,0.17605093,23.179552
25100,1.6751437e-07,0.17564453,19.999943
25200,3.629657e-08,0.17590125,22.20843
25300,4.110757e-08,0.17615718,22.030956
25400,1.9051186e-08,0.17626648,23.141375
25500,1.3948966e-07,0.17644377,20.270618
25600,2.5790087e-08,0.17683455,22.70908
25700,2.394097e-08,0.17661498,22.814623
25800,2.4933343e-08,0.1774893,22.763153
25900,7.730705e-10,0.17850712,27.782734
26000,2.5699592e-08,0.17950322,22.735762
26100,1.5139904e-08,0.17953391,23.499397
26200,3.3879132e-08,0.17922132,22.334843
26300,3.5429878e-08,0.17948097,22.272362
26400,4.039066e-08,0.17873684,22.077312
26500,1.8830178e-08,0.1791603,23.181702
26600,2.6166163e-08,0.17990683,22.713045
26700,2.2700988e-08,0.1803335,22.92141
26800,4.0601662e-08,0.18081433,22.086468
26900,1.6545755e-08,0.18133707,23.38571
27000,1.0302074e-08,0.1816129,24.071428
27100,5.8789738e-09,0.18135534,24.87868
27200,2.1098458e-08,0.18127668,23.034552
27300,7.907613e-08,0.18145716,21.129883
27400,1.1413476e-08,0.1824786,23.930485
27500,2.5083864e-09,0.18221413,26.1143
27600,1.9568688e-08,0.18184796,23.147682
27700,3.6320444e-08,0.18211663,22.257578
27800,1.956505e-08,0.18235509,23.151968
27900,3.085688e-08,0.18320279,22.501347
28000,5.0883244e-09,0.18317413,25.10145
28100,1.3346835e-08,0.18310757,23.70969
28200,5.200286e-08,0.1843619,21.757446
28300,3.47045e-08,0.18416388,22.339365
28400,3.351147e-09,0.18396685,25.710217
28500,8.464485e-08,0.18389429,21.050951
28600,2.9685026e-08,0.184058,22.563921
28700,6.46387e-08,0.18366851,21.438204
28800,1.7505357e-08,0.1829904,23.317469
28900,1.2674491e-08,0.1828041,23.781868
29000,3.7757673e-08,0.1832105,22.21023
29100,4.3765795e-08,0.18319994,21.997112
29200,6.2953404e-08,0.18371688,21.476696
29300,9.3764356e-08,0.18513499,20.913034
29400,4.4824446e-09,0.1855733,25.303127
29500,3.365949e-08,0.1853292,22.392574
29600,5.5971213e-08,0.18483903,21.65508
29700,7.840299e-09,0.18477435,24.49028
29800,6.1147603e-09,0.18526462,24.852716
29900,1.3023964e-08,0.18618646,23.769075
30000,6.04241e-08,0.1861377,21.554743
30100,3.509558e-08,0.18603103,22.337751
30200,4.1844032e-08,0.18644175,22.0872
30300,7.9837264e-08,0.18605676,21.152178
30400,1.4101715e-08,0.18634412,23.655596
30500,2.415618e-09,0.18726598,26.20812
30600,5.756192e-09,0.18727584,24.955475
30700,2.3186658e-08,0.18746223,22.946802
30800,6.005757e-08,0.18791233,21.57721
30900,4.476533e-09,0.18808484,25.324427
31000,1.0266763e-07,0.18858223,20.80878
31100,1.2682426e-07,0.1887586,20.50528
31200,1.413207e-08,0.18789952,23.664486
31300,1.9067556e-08,0.18750598,23.229313
31400,6.336677e-08,0.1884776,21.504164
31500,4.635399e-08,0.1892237,21.960896
31600,2.8734576e-08,0.1893817,22.652006
31700,2.7578153e-08,0.18897405,22.708158
31800,2.5133886e-09,0.18877287,26.162443
31900,3.965397e-09,0.1886901,25.503979
32000,6.6820576e-08,0.18876548,21.4298
32100,4.2483634e-09,0.18913187,25.40791
32200,6.528694e-09,0.1891099,24.787855
32300,3.0449883e-09,0.18897527,25.887186
32400,2.2385507e-09,0.18911405,26.332117
32500,1.4349553e-09,0.18976833,26.978659
32600,8.742518e-10,0.1905679,27.69961
32700,6.947539e-08,0.19041097,21.386112
32800,2.6597263e-08,0.19027482,22.770304
32900,6.476512e-08,0.19058415,21.488708
33000,4.1272415e-08,0.18988907,22.133476
33100,3.1254103e-08,0.18935561,22.53055
33200,3.1462832e-08,0.18969476,22.523527
33300,9.834821e-09,0.190049,24.203897
33400,2.3264874e-08,0.18975696,22.959496
33500,4.9003575e-08,0.18981294,21.885187
33600,7.7478035e-08,0.1900403,21.226015
33700,2.5034751e-08,0.19140737,22.86621
33800,5.8383648e-08,0.19183932,21.647831
33900,9.399628e-10,0.19151816,27.60223
34000,1.9998424e-08,0.19138251,23.19007
34100,5.298068e-08,0.19150482,21.785412
34200,1.6296212e-08,0.19167772,23.487642
34300,1.1695607e-07,0.19182537,20.645395
34400,5.2888026e-08,0.19242202,21.79483
34500,8.589893e-08,0.19351198,21.10328
34600,2.9967225e-08,0.19427611,22.62822
34700,2.085585e-08,0.19391842,23.148495
34800,9.644282e-09,0.19335012,24.256968
34900,1.1326847e-08,0.19304828,24.022713
35000,2.9286639e-08,0.19330305,22.654118
35100,4.31246e-08,0.19401513,22.101154
35200,1.486751e-08,0.19361064,23.634491
35300,1.0851181e-08,0.19448622,24.095312
35400,1.4997568e-09,0.19562685,26.958801
35500,1.1000168e-08,0.19586705,24.085846
35600,3.2660864e-08,0.19662137,22.521355
35700,7.034214e-08,0.1969265,21.416765
35800,1.0006761e-07,0.1964968,20.9051
35900,2.9385319e-08,0.19623025,22.670948
36000,4.05156e-08,0.19571882,22.203802
36100,1.4283614e-08,0.19553946,23.706594
36200,1.4347734e-08,0.1960219,23.703688
36300,3.0988303e-08,0.19661021,22.59711
36400,4.93103e-08,0.19649945,21.926132
36500,5.5541477e-08,0.19640741,21.75378
36600,1.2583769e-08,0.19643153,23.89596
36700,6.347091e-08,0.19656536,21.56241
36800,1.18765e-07,0.19648366,20.657867
36900,4.45134e-08,0.19643046,22.073277
37000,1.1035411e-07,0.19612525,20.761204
37100,3.497007e-10,0.19584809,29.060966
37200,1.6829915e-10,0.19668052,30.122179
37300,7.382596e-08,0.19735895,21.350191
37400,2.5349436e-08,0.19788638,22.896215
37500,8.731149e-11,0.19816624,31.07982
37600,1.1603333e-08,0.1981592,24.025618
37700,2.437082e-08,0.1981034,22.954596
37800,4.8821676e-09,0.19756846,25.270256
37900,1.10401515e-07,0.19762346,20.771563
38000,4.534195e-08,0.19781622,22.05681
38100,1.5849946e-07,0.19813772,20.253593
38200,3.115295e-08,0.19833946,22.6021
38300,3.1579475e-08,0.19834717,22.582537
38400,3.9732186e-08,0.19844857,22.251953
38500,1.4105899e-07,0.19873823,20.42614
38600,3.0084266e-08,0.19832607,22.65236
38700,4.7877734e-08,0.19832624,21.982018
38800,5.200718e-09,0.19854377,25.18617
38900,1.5047817e-08,0.19825754,23.651318
39000,4.677895e-08,0.19843547,22.016308
39100,3.22093e-08,0.19826227,22.553429
39200,3.404648e-08,0.19773215,22.469538
39300,5.679172e-08,0.19765154,21.730776
39400,2.757588e-09,0.19835949,26.100136
39500,2.2032737e-08,0.19891463,23.105997
39600,4.58449e-08,0.1991047,22.050262
39700,4.4552053e-08,0.1986991,22.08859
39800,1.4045327e-08,0.19850075,23.75255
39900,5.7298166e-10,0.1984245,28.367455
40000,3.8278813e-08,0.19925761,22.311584
40100,4.7043613e-10,0.19970495,28.661224
40200,3.6484266e-08,0.19983493,22.38503
40300,9.585074e-08,0.19934468,20.987972
40400,9.52241e-10,0.19981849,27.644716
40500,1.1044904e-08,0.19930398,24.105087
40600,2.8775844e-08,0.19897635,22.721235
40700,1.6892955e-08,0.19916187,23.491016
40800,3.6277015e-08,0.19949207,22.390772
40900,7.9439815e-09,0.19944206,24.581532
41000,6.606024e-08,0.19938874,21.5253
41100,3.094931e-08,0.19922054,22.617956
41200,2.0440893e-09,0.19908759,26.53737
41300,2.4570909e-08,0.19914937,22.950396
41400,2.1743745e-08,0.19882937,23.124428
41500,9.4712505e-09,0.19892643,24.324104
41600,4.1513886e-09,0.19954397,25.518538
41700,4.0849955e-09,0.20052858,25.548899
41800,2.4992005e-08,0.20057467,22.936169
41900,1.0444637e-08,0.20028026,24.192755
42000,1.6418198e-08,0.20013167,23.53915
42100,4.2920874e-08,0.2000216,22.151974
42200,3.5540438e-08,0.19992962,22.423527
42300,4.627327e-08,0.19993016,22.042814
42400,3.694231e-08,0.20087622,22.374529
42500,4.5883326e-08,0.20117061,22.063946
42600,1.2910277e-09,0.2013931,27.216919
42700,2.998604e-08,0.2012003,22.677837
42800,5.973516e-08,0.20097487,21.68193
42900,8.6693035e-09,0.20063967,24.464115
43000,1.5898695e-07,0.20072617,20.267889
43100,5.4403756e-08,0.20101646,21.817104
43200,3.453124e-08,0.20190243,22.479252
43300,2.2828317e-09,0.20225488,26.400774
43400,4.285539e-08,0.20207031,22.168877
43500,1.1781594e-08,0.20195189,24.030973
43600,2.0055268e-08,0.20218149,23.265167
43700,2.194426e-09,0.20272866,26.461132
43800,9.059977e-08,0.20255613,21.092312
43900,3.209243e-08,0.20221648,22.587164
44000,1.2319379e-07,0.20244458,20.648167
44100,7.6468496e-08,0.20245332,21.33622
44200,3.9623274e-08,0.20266767,22.286264
44300,2.0523657e-08,0.20348161,23.241108
44400,6.442269e-08,0.20356725,21.591433
44500,1.8717401e-08,0.20392115,23.377129
44600,1.5035221e-07,0.20387034,20.370874
44700,3.3654715e-08,0.20335938,22.52672
44800,8.363713e-09,0.20326611,24.53465
44900,1.0246367e-08,0.2032023,24.2413
45000,2.048364e-08,0.20288093,23.239658
45100,2.1575033e-08,0.20260063,23.162773
45200,4.3491355e-08,0.2026398,22.151686
45300,2.0367679e-08,0.2029078,23.24804
45400,3.5817266e-08,0.20259504,22.43144
45500,5.932918e-09,0.20238572,25.02379
45600,2.0927473e-08,0.20188527,23.201633
45700,2.4393557e-08,0.20168956,22.979134
45800,5.558036e-09,0.20214555,25.116243
45900,3.4842742e-08,0.2033888,22.47688
46000,4.393678e-08,0.20452781,22.150364
46100,1.3498948e-08,0.2054513,23.859446
46200,1.730541e-09,0.2057311,26.82496
46300,1.796343e-08,0.20536673,23.446636
46400,2.7014778e-08,0.20564805,22.859924
46500,2.1586857e-08,0.20562153,23.183334
46600,1.2254304e-09,0.20547925,27.321129
46700,4.9321898e-09,0.2053902,25.311563
46800,4.7208744e-08,0.20503198,22.050291
46900,2.6419002e-08,0.204864,22.886587
47000,6.5584004e-08,0.20547087,21.579086
47100,1.9322442e-08,0.20621376,23.34736
47200,7.1394425e-08,0.20714349,21.468315
47300,1.00193574e-07,0.20688783,20.977627
47400,4.1510248e-08,0.20624283,22.244373
47500,1.2838382e-07,0.20627607,20.615683
47600,2.4329893e-08,0.20607452,23.013933
47700,5.2955613e-08,0.20570758,21.889307
47800,2.9228545e-08,0.20622951,22.75037
47900,1.4551915e-10,0.2070527,30.406141
48000,6.170808e-08,0.20700963,21.677734
48100,7.593508e-08,0.20667489,21.376093
48200,2.4776455e-08,0.20641966,22.990107
48300,1.5251544e-08,0.20668189,23.691954
48400,3.4378672e-08,0.207083,22.522192
48500,1.1038924e-07,0.20658016,20.83567
48600,1.1389716e-08,0.20725302,24.117159
48700,4.6204605e-08,0.20740433,22.097906
48800,5.7973466e-08,0.20670538,21.76568
48900,2.5053396e-08,0.20647281,22.974442
49000,8.402026e-10,0.206562,27.87319
49100,5.1795723e-08,0.2068118,21.928982
49200,4.898618e-08,0.20731254,22.01293
49300,5.1890765e-08,0.20830505,21.936716
49400,3.862965e-08,0.20884238,22.366203
49500,7.926474e-09,0.20832168,24.647558
49600,5.892025e-08,0.20934498,21.760616
49700,1.9676918e-08,0.20996936,23.347172
49800,9.159521e-09,0.2098097,24.449234
49900,1.5050773e-08,0.20922971,23.728746
50000,1.8977516e-08,0.20914532,23.393711
50100,8.525262e-09,0.2092919,24.549196
50200,1.1118573e-08,0.20934467,24.166405
50300,2.4400379e-08,0.20936547,23.032618
50400,3.9138286e-08,0.20914012,22.349386
50500,1.1475095e-08,0.20920345,24.119898
50600,6.160985e-08,0.20912364,21.694693
50700,2.642355e-08,0.20911758,22.915987
50800,1.9299478e-09,0.2092083,26.691803
50900,8.970346e-08,0.20973769,21.15692
51000,8.90941e-09,0.21053539,24.494158
51100,6.796586e-08,0.210888,21.565163
51200,1.0891199e-07,0.21029067,20.88079
51300,1.4054649e-08,0.21006896,23.833313
51400,1.0437816e-08,0.2095721,24.259123
51500,4.9349183e-09,0.20935969,25.338383
51600,7.237054e-08,0.20977694,21.46695
51700,2.623392e-08,0.2100228,22.93261
51800,6.85186e-08,0.20970011,21.545328
51900,1.0621079e-08,0.21023019,24.238537
52000,1.9980575e-08,0.21052097,23.328863
52100,3.4463483e-08,0.21040466,22.541595
52200,2.476986e-08,0.21058601,23.01932
52300,1.627086e-09,0.21151915,26.953922
52400,5.1089046e-08,0.21258089,21.988495
52500,4.649337e-09,0.21300347,25.449276
52600,7.834751e-08,0.21263991,21.37202
52700,1.128501e-08,0.21249157,24.166494
52800,5.0024482e-08,0.21187858,22.014101
52900,4.937891e-08,0.21174484,22.031929
53000,1.9067556e-08,0.21160834,23.403772
53100,3.0616434e-08,0.2116,22.72053
53200,5.565562e-08,0.21162185,21.858458
53300,7.300261e-08,0.2121415,21.470575
53400,4.7506546e-08,0.21208474,22.090012
53500,3.2558773e-09,0.21185137,25.955431
53600,8.849918e-08,0.21303526,21.198925
53700,8.8328306e-08,0.2144449,21.211227
53800,8.4499334e-08,0.21479146,21.277493
53900,2.53699e-08,0.2151908,23.015995
54000,2.7200258e-08,0.21521196,22.915634
54100,6.301934e-08,0.21461035,21.69942
54200,1.7528691e-08,0.21509828,23.548775
54300,3.2952812e-08,0.21586566,22.643229
54400,3.0034244e-08,0.21581367,22.776674
54500,4.0136e-09,0.21628323,25.683449
54600,3.1002855e-08,0.216032,22.73234
54700,3.8373855e-08,0.21574691,22.422712
54800,2.412844e-08,0.21566252,23.091537
54900,7.802555e-09,0.21569502,24.72047
55000,5.2822088e-08,0.21521583,21.95814
55100,3.47718e-08,0.21567354,22.564428
55200,1.5348633e-08,0.21597287,23.746237
55300,2.1547748e-08,0.21591242,23.256405
55400,1.500348e-08,0.2154738,23.775713
55500,2.5279405e-09,0.21594034,26.348095
55600,1.3446606e-07,0.21724495,20.62365
55700,1.0281838e-08,0.21835038,24.340044
55800,7.6332185e-08,0.21780351,21.444233
55900,4.410049e-08,0.21749437,22.23368
56000,5.296897e-09,0.21730652,25.290009
56100,1.3466433e-08,0.21745054,23.944817
56200,3.7680365e-09,0.2176145,25.783386
56300,5.037083e-08,0.21735054,22.040932
56400,2.1946107e-08,0.21717785,23.238409
56500,1.2219914e-08,0.21710676,24.082666
56600,7.823473e-09,0.21792687,24.73146
56700,1.702574e-08,0.21789485,23.609411
56800,8.2708084e-08,0.21868035,21.334291
56900,2.2658242e-08,0.2202131,23.21236
57000,2.3943812e-08,0.22043005,23.134165
57100,6.5858785e-08,0.22072972,21.676401
57200,6.4983396e-09,0.22026484,25.014593
57300,9.865562e-08,0.21982072,21.087423
57400,1.4359102e-08,0.21972537,23.867233
57500,4.577373e-08,0.2200599,22.196873
57600,6.7990186e-08,0.22055727,21.629324
57700,7.7852746e-10,0.22071072,28.078762
57800,6.261121e-08,0.22053027,21.748053
57900,3.6715846e-08,0.21999972,22.514595
58000,7.528297e-08,0.21961243,21.476133
58100,2.1662345e-08,0.22010498,23.276499
58200,1.717217e-08,0.21992524,23.610437
58300,9.965788e-08,0.21964729,21.071701
58400,4.4792614e-08,0.21946245,22.22421
58500,8.089319e-08,0.2193312,21.37059
58600,1.9469098e-08,0.21947952,23.426397
58700,2.4706878e-08,0.21916264,23.080585
58800,1.06063e-07,0.21970336,20.982204
58900,1.1137558e-08,0.22126645,24.243849
59000,7.139806e-08,0.22128883,21.563543
59100,4.2000465e-09,0.2222675,25.657316
59200,2.420893e-08,0.22198123,23.128395
59300,1.6427066e-08,0.22157611,23.685225
59400,2.2946634e-07,0.22112651,19.878159
59500,4.0542545e-08,0.2219975,22.384604
59600,1.9897016e-08,0.22199905,23.411499
59700,1.3271801e-08,0.22270347,24.000257
59800,6.5894596e-08,0.22317624,21.69152
59900,3.8828603e-08,0.22306864,22.453865
60000,3.3223387e-08,0.22281505,22.677145
60100,5.6655153e-08,0.22268918,21.90632
60200,7.5417574e-08,0.22221267,21.490538
60300,4.33306e-08,0.22260351,22.292587
60400,1.1492318e-08,0.22295296,24.209566
60500,4.7537313e-08,0.22263405,22.159111
60600,7.1586214e-08,0.22223718,21.565914
60700,2.5062036e-08,0.22239818,23.081139
60800,1.4463694e-08,0.22246587,23.874645
60900,1.8031187e-08,0.22233303,23.555725
61000,2.5433565e-08,0.2225116,23.060644
61100,7.1467184e-08,0.22260004,21.57067
61200,2.2547738e-08,0.22374061,23.242342
61300,1.9263098e-09,0.22485207,26.798561
61400,2.0897005e-08,0.22461653,23.357664
61500,5.626248e-09,0.22411263,25.247475
61600,3.33157e-08,0.22371538,22.678959
61700,5.734455e-08,0.22437355,21.899742
61800,1.9690106e-08,0.22502999,23.446142
61900,3.0687545e-08,0.22445512,22.80227
62000,2.0285825e-08,0.22470258,23.401041
62100,1.2256351e-08,0.22426748,24.125187
62200,2.1814458e-08,0.22371985,23.289906
62300,8.210918e-09,0.22331168,24.69694
62400,2.44072e-08,0.22338259,23.125708
62500,1.5995738e-08,0.22433735,23.741478
62600,2.37942e-08,0.22594388,23.178852
62700,7.226845e-09,0.22612107,24.899155
62800,1.8492301e-09,0.22613804,26.865704
62900,2.5042937e-08,0.2254242,23.101736
63000,3.341802e-08,0.22499259,22.682749
63100,1.4961188e-08,0.22462067,23.839762
63200,1.9587787e-08,0.22485124,23.452513
63300,5.383572e-08,0.22494301,21.994492
63400,5.0302333e-08,0.22528423,22.094618
63500,2.4556357e-09,0.22517097,26.45035
63600,8.986717e-09,0.2247777,24.57613
63700,3.918558e-09,0.22480282,25.773762
63800,8.756069e-08,0.22434466,21.28893
63900,3.029163e-08,0.22428825,22.819931
64000,4.823505e-08,0.22469842,22.151405
64100,7.154267e-08,0.22495364,21.58432
64200,5.187758e-09,0.22544464,25.373087
64300,8.475172e-08,0.22490919,21.339596
64400,8.869847e-10,0.22474788,27.916752
64500,1.6639206e-08,0.22417806,23.683556
64600,5.031734e-08,0.22546941,22.095373
64700,3.0680894e-08,0.22572261,22.810707
64800,2.177876e-08,0.22572264,23.305126
64900,2.847105e-08,0.22572796,22.918587
65000,1.60725e-07,0.22599496,20.423265
65100,2.5193003e-08,0.2258354,23.095745
65200,7.72161e-09,0.22568962,24.800863
65300,2.3800567e-08,0.22585751,23.177914
65400,1.4012585e-07,0.22555894,20.61835
65500,2.1379947e-08,0.22532797,23.329266
65600,3.0840965e-08,0.22546823,22.801573
65700,4.677122e-08,0.22573884,22.20253
65800,3.8784265e-09,0.22584939,25.795315
65900,5.333277e-09,0.22536449,25.332663
66000,1.5092337e-07,0.22498792,20.5076
66100,5.6536464e-09,0.22496518,25.245945
66200,3.678042e-08,0.22497067,22.544296
66300,4.7702997e-10,0.22518615,28.81439
66400,3.185596e-08,0.22531345,22.753866
66500,2.5616828e-08,0.22572824,23.070992
66600,1.3061413e-07,0.22571668,20.72077
66700,3.954119e-08,0.2256426,22.44418
66800,1.00480975e-08,0.22548875,24.41963
66900,4.008598e-08,0.22532101,22.42238
67000,1.5866192e-08,0.22603573,23.764091
67100,2.179786e-08,0.2255793,23.302944
67200,4.741287e-08,0.22506563,22.178564
67300,5.0913513e-08,0.22511147,22.076088
67400,4.4579792e-08,0.2255567,22.270597
67500,1.862204e-07,0.2262085,20.21221
67600,9.1238235e-08,0.22689784,21.245901
67700,6.312894e-08,0.22640689,21.774113
67800,1.0551321e-07,0.22593868,21.030077
67900,3.731202e-10,0.22607413,29.17451
68000,6.3096195e-09,0.22635734,25.096474
68100,9.9695626e-08,0.2265841,21.116013
68200,8.166808e-09,0.22624917,24.723564
68300,5.8273145e-08,0.22572325,21.885221
68400,6.8152076e-08,0.2257614,21.659538
68500,1.9097797e-08,0.22581245,23.495216
68600,5.6140678e-08,0.22693214,21.94671
68700,4.2775355e-08,0.22695202,22.339104
68800,7.004337e-08,0.22664736,21.625698
68900,7.479002e-08,0.22651356,21.530249
69000,2.4509518e-08,0.225807,23.135244
69100,1.0378153e-07,0.22557181,21.051605
69200,3.786795e-08,0.22615759,22.509848
69300,9.984774e-09,0.22622427,24.433449
69400,6.4644155e-08,0.2266266,21.741295
69500,2.2438144e-08,0.2273682,23.272573
69600,6.346602e-08,0.22699507,21.770174
69700,7.755125e-08,0.2272144,21.4824
69800,4.1598923e-08,0.22710079,22.380283
69900,6.313803e-08,0.22657771,21.774994
70000,7.755989e-08,0.2259179,21.473984
70100,4.431058e-09,0.22655898,25.60766
70200,3.1126547e-08,0.22787485,22.803593
70300,3.7525638e-08,0.22950752,22.54416
70400,2.3833763e-08,0.23010577,23.202787
70500,1.09498615e-08,0.22948112,24.32096
70600,6.05192e-08,0.22919546,21.852682
70700,1.09985706e-07,0.22912404,20.990381
70800,1.1161319e-08,0.22895373,24.290045
70900,9.469204e-09,0.22900665,24.52757
71000,6.9976522e-09,0.22959629,24.967653
71100,2.7889655e-09,0.22994664,26.296993
71200,3.1378477e-08,0.22998229,22.805244
71300,6.188702e-08,0.22998455,21.825397
71400,5.065158e-08,0.22969005,22.112577
71500,7.471317e-08,0.2295498,21.550941
71600,1.670844e-08,0.23000583,23.71459
71700,9.928954e-09,0.22986795,24.464588
71800,2.921206e-08,0.23013055,22.909386
71900,1.9023673e-08,0.23042543,23.53
72000,7.5649154e-08,0.23078002,21.540691
72100,4.2774673e-09,0.23091072,25.686003
72200,1.5639056e-08,0.23053771,23.813347
72300,9.986252e-10,0.23017497,27.78014
72400,6.092705e-09,0.23016214,25.170992
72500,1.06836524e-07,0.23017581,21.0389
72600,8.2318365e-09,0.23069106,24.740173
72700,3.433206e-08,0.23060478,22.679363
72800,7.938979e-09,0.230216,24.78946
72900,4.1609383e-10,0.22996424,29.041853
73000,2.3729626e-08,0.22997355,23.208275
73100,1.8080186e-08,0.23014797,23.601648
73200,3.707308e-08,0.23012559,22.565546
73300,3.4464392e-08,0.23108862,22.676836
73400,6.7458814e-08,0.23055688,21.704613
73500,2.8026989e-08,0.23045619,22.971172
73600,4.656158e-08,0.23076753,22.240797
73700,1.7265506e-08,0.23032016,23.669245
73800,1.035296e-07,0.23030134,21.085049
73900,3.0478986e-08,0.23163909,22.857561
74000,4.47244e-09,0.23136625,25.62454
74100,6.122002e-08,0.23176359,21.852146
74200,6.313712e-09,0.2319778,25.130922
74300,9.7024895e-08,0.23210764,21.189936
74400,2.40138e-08,0.23258352,23.207382
74500,4.759613e-08,0.23206751,22.217197
74600,5.7299985e-08,0.23256426,21.95259
74700,6.78732e-08,0.2334672,21.713875
74800,2.9028797e-09,0.23354647,26.26165
74900,1.7221282e-09,0.23307036,27.011997
75000,1.1185762e-08,0.23251198,24.309137
75100,8.77435e-08,0.2322716,21.336018
75200,9.796531e-08,0.232053,21.17568
75300,2.105935e-08,0.2321272,23.393951
75400,5.1657025e-08,0.23216146,22.09966
75500,3.355126e-09,0.2324733,26.046124
75600,2.6384441e-09,0.23252635,26.393131
75700,1.4459715e-08,0.23246688,23.938482
75800,1.758417e-08,0.23381937,23.664614
75900,3.1020846e-08,0.23438117,22.849115
76000,3.298601e-08,0.23398025,22.75803
76100,1.9482286e-08,0.23327415,23.513361
76200,3.460991e-08,0.23291293,22.682102
76300,2.5848749e-08,0.23286794,23.102915
76400,4.349289e-09,0.23273973,25.673363
76500,1.5423029e-07,0.23297833,20.526678
76600,1.2408563e-09,0.23355842,27.487873
76700,3.329251e-08,0.23373784,22.74319
76800,1.5866135e-08,0.23406886,23.81448
76900,9.475116e-09,0.23413505,24.558622
77000,6.322807e-09,0.23400757,25.141415
77100,3.925186e-08,0.23461589,22.511036
77200,1.9848358e-08,0.23472479,23.495447
77300,6.150458e-09,0.23484038,25.18641
77400,3.3877768e-08,0.23547308,22.72872
77500,6.91864e-09,0.23491184,25.017056
77600,2.6284397e-08,0.23427786,23.087511
77700,1.5095702e-07,0.2348928,20.569433
77800,4.957542e-09,0.23575927,25.503115
77900,3.952482e-08,0.23574589,22.50797
78000,4.21187e-08,0.236027,22.417988
78100,7.218887e-09,0.23651803,24.9656
78200,7.282324e-08,0.23646812,21.630743
78300,1.7168986e-09,0.23696215,27.040276
78400,5.257334e-08,0.23638223,22.100286
78500,3.6026904e-08,0.23618504,22.64434
78600,1.7357706e-09,0.23621945,27.019976
78700,1.2237251e-08,0.23663095,24.204855
78800,9.291568e-09,0.23672965,24.602743
78900,8.3777195e-08,0.23594919,21.425415
79000,5.6361387e-09,0.23602778,25.319674
79100,2.1531378e-08,0.23637389,23.388126
79200,6.2391337e-10,0.23638764,28.497162
79300,8.179995e-09,0.23627219,24.783775
79400,2.8382601e-08,0.2364274,22.989887
79500,7.7504865e-08,0.23637742,21.540302
79600,1.04726496e-07,0.23641232,21.106247
79700,6.7212795e-08,0.23593211,21.743134
79800,3.245384e-08,0.23592374,22.793428
79900,2.4418114e-08,0.23627385,23.206005
80000,8.3667146e-08,0.23667277,21.431728
80100,1.4802936e-08,0.2362515,23.927937
80200,3.0225237e-08,0.23591258,22.895996
80300,4.033882e-08,0.23558944,22.477602
80400,8.229108e-09,0.23592646,24.773026
80500,3.2483513e-08,0.23609616,22.793163
80600,1.1551947e-08,0.23682657,24.289192
80700,7.8606945e-08,0.23791675,21.529297
80800,9.379619e-09,0.23807235,24.597296
80900,6.59511e-08,0.23723502,21.778418
81000,2.3942448e-08,0.23673905,23.237225
81100,2.7480837e-08,0.23703237,23.040155
81200,1.7117827e-08,0.23827803,23.730642
81300,6.434311e-08,0.2377935,21.817421
81400,3.7550762e-08,0.23739842,22.591965
81500,2.6286216e-08,0.2363686,23.10023
81600,3.9781753e-08,0.23632173,22.502142
81700,9.8177225e-08,0.23637526,21.199188
81800,1.2032478e-07,0.23633759,20.905483
81900,7.059043e-09,0.23621461,24.99605
82000,1.5897058e-08,0.23608828,23.824062
82100,9.98466e-09,0.23589517,24.493856
82200,6.769869e-08,0.23509593,21.72762
82300,1.974604e-08,0.23541625,23.507147
82400,3.9646693e-08,0.23537147,22.501236
82500,1.2712462e-08,0.23582292,24.144957
82600,3.155219e-08,0.23600586,22.83458
82700,3.423611e-08,0.23650694,22.71986
82800,3.0960337e-08,0.23779596,22.872799
82900,1.2509372e-07,0.23856616,20.86295
83000,1.9117579e-08,0.23828408,23.57128
83100,1.2990313e-08,0.23776841,24.125618
83200,4.453159e-08,0.23803206,22.349823
83300,2.1992037e-08,0.23833694,23.369518
83400,3.971195e-08,0.23836078,22.51707
83500,3.9335646e-08,0.23841234,22.531118
83600,1.6677404e-08,0.23844717,23.769272
83700,3.7861355e-08,0.23864624,22.587645
83800,3.8784947e-08,0.2382143,22.55026
83900,9.363248e-09,0.23859693,24.602991
84000,2.8141812e-08,0.23857734,23.015238
84100,6.7913334e-08,0.23845637,21.743526
84200,1.4403668e-08,0.23895907,23.983824
84300,9.90035e-08,0.2391383,21.203863
84400,3.979949e-09,0.23879367,25.83844
84500,2.959041e-09,0.23854402,26.264551
84600,3.884452e-08,0.23878175,22.551477
84700,4.4623448e-08,0.23858711,22.35021
84800,3.2239768e-08,0.23856255,22.819023
84900,1.556673e-07,0.23809557,20.544643
85000,3.5052153e-08,0.23774442,22.693405
85100,4.9421033e-08,0.23797867,22.199203
85200,1.8462742e-08,0.23826817,23.621466
85300,3.6928213e-08,0.23833162,22.621744
85400,1.1450538e-09,0.23806444,27.631361
85500,4.520416e-08,0.23784031,22.327034
85600,2.7332817e-08,0.23792489,23.05337
85700,4.667072e-08,0.23793124,22.281523
85800,4.669346e-09,0.23831877,25.605097
85900,4.866706e-08,0.23844792,22.224226
86000,4.9606115e-08,0.2388367,22.199003
86100,3.0971933e-08,0.23883748,22.878565
86200,4.2323336e-08,0.2389368,22.428673
86300,6.604387e-08,0.23848131,21.783949
86400,1.702607e-07,0.23803468,20.414995
86500,2.8981049e-09,0.23841263,26.293776
86600,4.9945356e-08,0.23922695,22.191526
86700,8.907455e-08,0.24022311,21.362858
86800,3.435798e-08,0.24029163,22.737638
86900,8.840152e-08,0.24009892,21.373055
87000,1.0634835e-08,0.23987302,24.42697
87100,1.3633826e-07,0.2397569,20.74595
87200,2.7471017e-08,0.23964234,23.056469
87300,3.106834e-08,0.24041219,22.883562
87400,4.3781796e-09,0.24178691,25.71883
87500,7.082963e-08,0.2419147,21.703642
87600,2.4362862e-08,0.24241774,23.246307
87700,5.9596914e-08,0.24270579,21.957468
87800,3.7926497e-08,0.24251238,22.608349
87900,6.781602e-08,0.24253538,21.770065
88000,1.8912374e-08,0.24309486,23.615686
88100,1.2747179e-08,0.24244802,24.180994
88200,1.3394674e-07,0.24199605,20.784893
88300,2.7752321e-08,0.2420365,23.056112
88400,1.9432264e-08,0.2419574,23.569796
88500,3.2030243e-08,0.24180819,22.847925
88600,2.3987923e-09,0.24335207,26.59616
88700,1.6699823e-07,0.24367914,20.476719
88800,1.5561454e-08,0.2435052,23.899473
88900,2.371371e-08,0.24299537,23.288704
89000,2.1846063e-09,0.24354054,26.732214
89100,7.4628815e-08,0.24440053,21.643011
89200,1.00787474e-07,0.24501301,21.21311
89300,1.9417257e-08,0.2452405,23.590355
89400,1.5685146e-08,0.24535957,23.898994
89500,1.5463684e-08,0.24558572,23.92084
89600,2.3554549e-08,0.24578932,23.314913
89700,5.3369092e-08,0.2458805,22.13545
89800,2.5992904e-08,0.24543954,23.170746
89900,2.5285317e-08,0.24554393,23.211178
90000,2.1279197e-07,0.24650417,20.143738
90100,3.6721758e-08,0.24693629,22.681
90200,1.3785666e-08,0.24718328,24.09591
90300,1.7807906e-08,0.24697693,23.725355
90400,2.9251623e-09,0.24722426,26.33273
90500,7.777362e-08,0.24733874,21.600704
90600,5.6525096e-10,0.24731839,28.70483
90700,1.2105374e-09,0.24723098,27.605637
90800,7.213848e-08,0.24674298,21.705736
90900,3.9050065e-08,0.24641961,22.589289
91000,1.16173396e-07,0.2464519,21.016596
91100,2.0463176e-08,0.24639976,23.521467
91200,8.9957666e-08,0.24671674,21.387106
91300,5.9501417e-09,0.2475409,25.310167
91400,1.2661985e-08,0.24752083,24.220543
91500,2.2824224e-08,0.24790524,23.372719
91600,1.3252702e-08,0.24850722,24.160498
91700,4.574258e-08,0.24907514,22.37654
91800,4.5896627e-08,0.24900006,22.371254
91900,1.1251586e-07,0.24901156,21.077652
92000,6.8062036e-09,0.2491456,25.125563
92100,1.8643732e-08,0.24896689,23.67076
92200,4.026333e-09,0.24859492,25.879755
92300,8.840425e-08,0.2491331,21.426298
92400,2.3392431e-08,0.2501614,23.350315
92500,2.7622718e-08,0.24989645,23.108973
92600,4.0399755e-09,0.24927163,25.878798
92700,8.011284e-09,0.24903136,24.889719
92800,1.107253e-09,0.24851675,27.741783
92900,1.1332304e-09,0.2487361,27.709599
93000,3.164132e-09,0.24967471,26.233665
93100,2.4228939e-09,0.24977921,26.619347
93200,3.5933226e-08,0.2497042,22.728397
93300,2.8860086e-08,0.24954404,23.043716
93400,2.2413133e-08,0.24928659,23.406958
93500,2.1630512e-08,0.24876255,23.455198
93600,1.510989e-08,0.24945804,23.9768
93700,1.0794713e-07,0.24935475,21.139442
93800,1.3546014e-08,0.24924581,24.133198
93900,2.383149e-08,0.2494552,23.319408
94000,4.8621587e-09,0.24925731,25.611464
94100,6.411574e-08,0.24912539,21.88969
94200,8.731149e-10,0.24888963,28.086687
94300,2.6114776e-08,0.24881274,23.183691
94400,5.7285888e-08,0.24895307,22.051191
94500,2.0483071e-08,0.24953064,23.538282
94600,2.5687768e-08,0.24990381,23.213787
94700,8.4437374e-08,0.24943902,21.494303
94800,1.9427716e-08,0.24893674,23.61116
94900,5.3400072e-08,0.24890515,22.15225
95000,5.8877276e-09,0.24905618,25.334185
95100,2.0218067e-09,0.24895498,26.875664
95200,7.6318884e-08,0.24858011,21.635168
95300,5.748916e-09,0.24845421,25.365114
95400,4.8048605e-09,0.24842855,25.62376
95500,1.11172085e-08,0.24862719,24.414686
95600,2.9776857e-09,0.24864128,26.3153
95700,8.2369525e-09,0.24857423,24.84699
95800,6.0182174e-08,0.24819723,21.975647
95900,4.231515e-08,0.24821563,22.483917
96000,1.9446333e-08,0.2484635,23.607033
96100,4.7293724e-11,0.24920641,32.29497
96200,3.3138804e-08,0.24918625,22.8422
96300,2.8463091e-08,0.24914257,23.061377
96400,6.0610546e-08,0.24920197,21.971243
96500,2.9928742e-08,0.24961047,22.991644
96600,6.168921e-08,0.2500344,21.950605
96700,9.401083e-08,0.2504116,21.34497
96800,6.956316e-08,0.25082055,21.781828
96900,1.337412e-08,0.25050196,24.158875
97000,7.9355914e-08,0.250009,21.58714
97100,1.3902536e-08,0.24959962,24.097765
97200,8.3346094e-09,0.24989703,24.837645
97300,2.134584e-09,0.25045505,26.80602
97400,6.1506626e-08,0.25091535,21.959955
97500,1.9783329e-08,0.2507116,23.59524
97600,9.765245e-09,0.2504174,24.612103
97700,2.9558578e-09,0.25048304,26.336561
97800,6.132507e-08,0.25027743,21.960548
97900,1.950957e-08,0.25002962,23.611414
98000,1.8755372e-08,0.2502044,23.6693
98100,3.8617145e-08,0.2500214,22.626307
98200,3.601491e-08,0.24972034,22.725216
98300,1.3577321e-08,0.25028563,24.135874
98400,1.4774741e-09,0.25126022,27.341475
98500,2.6007456e-08,0.25046214,23.199163
98600,3.2299795e-08,0.25001702,22.883999
98700,1.3717454e-08,0.24991891,24.118944
98800,3.612422e-08,0.24993688,22.722094
98900,4.8839865e-08,0.24966584,22.285437
99000,1.1013981e-09,0.25055555,27.761219
99100,1.917897e-09,0.25139287,26.965843
99200,2.109482e-08,0.25124773,23.505718
99300,1.9932145e-08,0.25015697,23.581234
99400,2.848219e-08,0.24975325,23.06394
99500,7.6641754e-08,0.25015202,21.63817
99600,9.261271e-09,0.25025457,24.68761
99700,5.3825772e-08,0.2504475,22.149708
99800,3.507921e-08,0.24996942,22.764631
99900,1.940407e-09,0.25005105,26.941288
